20 15
9 4 15 0 17 16 17 8 9 0 10 8 4 19 16 
4 15 11 11 1 8 4 14 17 19 13 5 13 19 13 
12 1 4 18 13 11 10 9 15 18 16 7 11 17 14 
7 11 1 0 12 5 4 7 18 12 2 8 15 13 15 
6 10 11 16 12 0 17 15 12 8 10 13 11 1 18 
13 8 9 5 0 18 3 16 18 16 14 19 15 19 17 
18 14 16 10 17 0 17 9 16 9 12 18 17 17 16 
0 5 9 0 6 0 2 3 3 18 13 11 16 13 11 
17 19 5 11 1 11 0 5 9 8 5 11 11 7 8 
8 13 14 17 13 9 1 4 7 7 9 7 0 3 9 
12 4 6 14 10 9 2 1 17 6 19 10 13 11 5 
15 16 10 2 8 14 0 5 13 18 18 16 12 1 11 
13 18 19 5 7 7 15 6 12 9 18 0 12 4 14 
13 4 6 10 9 12 16 4 6 9 8 16 11 7 17 
7 17 1 11 14 10 15 5 16 13 8 3 12 17 5 
18 19 5 12 6 8 16 10 4 19 9 3 3 16 11 
9 18 19 9 17 10 4 0 0 10 8 17 13 3 0 
0 6 5 15 7 0 0 18 2 17 6 10 7 19 0 
7 10 16 2 2 12 10 15 0 5 16 5 19 11 10 
6 7 0 9 6 14 16 17 13 0 17 9 16 17 10 
8 4 1 9 2 6 5 6 5 4 5 5 2 2 3 2 
2 3 3 3 6 9 2 8 2 8 2 9 1 7 8 6 
2 3 7 2 6 9 1 4 7 4 1 3 9 9 1 8 
8 5 7 4 5 6 4 6 3 4 3 3 6 9 5 2 
7 8 2 8 2 3 3 8 5 7 8 4 3 4 3 6 
1 8 3 7 6 8 4 8 1 4 7 1 8 3 6 2 
1 3 4 2 5 3 1 3 9 9 9 7 6 9 9 9 
1 7 2 3 9 4 9 7 8 6 2 7 7 8 6 3 
5 9 3 1 1 7 9 7 5 8 8 1 7 5 8 2 
6 2 4 7 4 2 1 8 1 4 3 8 6 2 7 6 
4 8 3 4 5 7 5 3 7 9 9 5 5 8 2 8 
9 1 9 6 8 3 4 6 4 1 8 8 9 3 1 4 
2 1 1 3 5 3 8 2 4 6 5 2 8 9 7 1 
5 4 1 2 3 8 9 9 7 1 4 6 7 4 7 4 
3 8 7 2 7 1 2 3 6 1 5 3 9 6 3 7 
4 8 7 6 9 2 1 9 7 9 5 8 3 7 7 6 
55 17  1 51 77 13 97  7 61 26 10 38  9 38 54 58 33 22 54 67