40 50
5 10 9 4 0 4 0 0 9 6 3 6 0 6 2 9 8 6 9 7 6 2 1 0 4 1 9 0 2 3 2 10 5 0 5 2 0 6 8 2 8 1 4 5 3 10 7 9 10 0
10 3 7 8 0 9 6 5 7 3 7 8 1 2 9 9 8 6 3 4 4 8 7 6 3 9 6 9 3 10 4 5 6 10 8 5 4 4 1 7 3 2 8 6 10 3 6 2 10 4
2 2 3 5 3 8 3 8 3 1 8 8 5 8 6 5 6 5 4 3 0 3 8 1 0 10 2 0 3 9 9 8 9 6 5 7 1 8 6 4 2 4 7 7 3 8 4 9 6 9
4 0 10 2 2 3 5 6 1 2 3 6 7 4 1 8 5 8 8 8 9 8 2 6 0 0 0 6 6 4 10 9 3 6 10 9 1 5 4 8 9 5 1 3 0 10 6 2 9 0
8 10 6 5 3 6 3 0 3 5 9 0 1 10 2 8 8 1 6 0 6 7 5 7 8 5 6 3 2 6 1 4 10 10 6 4 8 2 9 3 7 0 0 6 3 10 1 8 3 6
1 0 0 0 3 2 6 8 2 5 5 0 8 9 6 1 8 3 1 8 1 4 1 10 5 10 0 10 1 2 1 8 4 2 2 8 8 4 8 1 4 8 7 10 6 10 8 3 2 5
2 0 9 6 6 6 5 1 0 6 6 7 3 4 6 6 8 2 4 6 9 4 5 9 10 8 3 6 10 0 10 3 1 2 3 0 5 7 7 5 1 4 6 3 10 5 10 4 7 5
7 5 10 5 3 2 7 5 3 9 5 3 2 3 5 4 9 3 7 9 3 3 9 2 7 5 1 10 9 3 10 7 4 9 6 1 1 7 7 5 6 10 4 6 8 0 10 0 2 6
5 10 0 5 9 9 3 4 10 0 3 6 5 7 5 8 2 6 1 5 10 4 2 6 2 8 10 0 10 4 4 8 3 1 0 10 4 8 10 3 6 3 2 6 1 7 2 9 3 5
2 8 8 0 7 5 7 3 10 10 9 0 5 3 4 9 2 2 4 2 5 0 9 10 1 7 4 8 10 5 4 8 0 4 8 9 4 0 4 9 7 3 8 3 4 9 3 7 0 10
3 8 8 1 10 3 3 10 10 8 10 3 9 7 5 6 10 2 8 3 7 5 9 5 2 7 9 6 6 5 3 0 8 10 2 9 6 9 7 5 1 4 8 3 6 8 5 5 10 1
8 8 7 6 3 7 9 5 10 0 10 4 0 3 1 8 9 10 10 5 4 8 4 10 4 2 6 6 0 7 0 10 4 0 10 5 8 4 8 2 6 1 4 5 2 3 6 9 1 4
0 0 1 3 7 10 10 5 1 8 0 5 9 3 2 10 6 7 1 8 10 3 1 6 9 10 5 7 0 0 0 6 3 3 10 10 8 9 6 6 10 8 7 9 2 5 0 9 0 9
2 7 3 10 0 3 7 3 3 7 4 2 6 10 2 9 9 4 9 8 0 6 6 6 7 3 5 3 10 6 8 8 1 8 5 7 3 9 7 1 1 10 1 1 6 8 0 8 5 1
3 8 9 0 1 6 1 7 5 1 3 2 1 4 9 10 5 8 5 3 6 0 9 1 6 3 5 4 0 1 10 9 0 4 6 0 2 3 0 4 7 0 9 5 1 5 9 0 2 9
4 2 7 6 2 8 3 2 7 6 0 1 6 10 7 2 9 10 5 3 3 6 5 4 9 2 7 10 10 5 6 0 7 3 3 1 7 2 7 9 5 6 7 5 7 1 6 0 2 5
5 8 0 0 7 10 7 7 7 4 0 5 8 5 6 6 0 10 2 10 7 4 3 5 9 4 9 10 1 7 5 10 1 7 10 2 8 5 7 8 5 4 3 3 2 7 10 8 9 6
2 1 3 9 8 3 4 6 4 1 5 1 2 3 2 0 4 8 3 3 7 10 8 3 3 3 8 4 3 0 6 3 0 10 1 8 1 3 7 9 0 2 1 3 2 4 8 4 10 9
8 0 2 9 3 0 1 0 8 1 7 6 5 10 3 1 9 2 6 6 8 9 10 0 10 9 6 8 2 3 5 2 6 5 5 7 6 6 8 2 3 3 5 10 1 2 7 9 8 3
10 5 3 5 5 2 6 1 4 3 2 2 10 2 8 1 3 4 5 3 2 5 7 2 2 10 8 0 7 4 7 5 2 2 10 0 8 4 6 6 8 6 8 4 4 4 2 8 5 1
5 6 0 3 10 3 4 4 1 10 5 8 9 9 7 1 4 5 0 6 3 5 5 10 4 4 7 4 5 2 9 3 7 5 2 1 10 9 0 9 2 2 2 9 8 7 2 7 8 3
5 6 6 5 10 8 4 1 9 0 0 0 5 0 2 5 6 9 9 6 7 3 1 10 9 7 8 0 2 7 0 6 10 10 4 2 1 2 0 6 3 6 0 1 3 8 6 7 2 5
2 9 1 6 9 1 10 10 6 0 9 5 0 0 9 7 10 2 5 3 9 7 0 0 9 5 6 3 4 8 3 5 7 10 4 4 1 8 9 5 1 4 8 4 3 0 6 7 2 1
5 4 3 3 2 3 5 8 8 2 5 0 1 8 3 7 10 3 2 8 10 5 6 0 8 8 4 0 1 6 3 8 7 2 4 3 5 4 9 10 0 10 2 2 4 10 1 8 7 9
5 2 1 5 8 10 6 7 7 5 7 1 4 9 9 10 2 2 3 0 2 1 5 2 10 7 8 5 0 6 8 8 9 2 8 0 4 2 0 8 3 1 6 5 3 1 2 4 2 1
2 9 2 1 2 3 5 5 2 0 10 4 9 5 1 7 7 9 4 4 6 7 4 0 4 6 1 2 6 4 5 3 5 4 4 4 3 5 2 7 0 5 7 9 9 4 7 4 10 2
2 9 5 4 10 10 6 1 9 7 6 1 5 8 10 10 0 4 6 5 3 10 6 4 8 9 1 6 8 8 3 3 10 1 0 6 10 3 9 5 2 5 10 0 0 5 7 6 4 4
5 5 6 4 3 8 4 10 10 6 4 4 5 0 10 6 9 1 1 10 4 0 6 1 9 5 7 7 7 2 6 0 9 1 9 4 9 10 1 1 3 7 7 5 2 9 3 5 8 2
7 5 1 0 0 0 10 2 7 4 7 2 8 6 6 4 2 7 0 10 1 3 8 9 0 8 2 0 10 9 1 3 5 1 2 0 0 10 1 5 1 10 8 0 4 5 0 5 10 6
3 10 5 7 9 9 9 4 1 5 3 2 4 3 6 9 5 7 10 1 6 1 2 7 7 0 4 9 4 7 6 9 8 8 9 4 6 0 2 7 9 3 0 7 3 1 4 5 6 10
2 1 8 3 7 4 2 8 3 5 4 4 4 4 0 6 9 2 1 0 9 3 3 3 2 0 7 7 8 3 1 4 3 10 8 0 7 1 2 0 10 6 3 2 0 4 7 3 5 3
3 1 1 8 9 0 6 4 7 6 0 2 2 8 0 3 5 6 0 0 1 7 2 8 4 5 8 8 2 5 8 9 5 3 9 6 9 3 2 5 7 2 1 5 5 7 5 5 1 4
5 7 5 4 1 1 0 3 2 1 0 6 8 8 4 1 6 5 5 4 1 8 6 2 5 4 4 7 0 2 0 6 6 3 3 8 0 2 7 0 1 1 9 8 7 9 5 6 8 1
1 10 4 9 2 0 3 6 9 1 10 4 5 6 8 2 5 7 1 10 5 3 8 9 4 7 0 3 10 8 1 8 9 8 6 7 7 7 1 10 10 5 9 7 8 3 0 7 1 1
4 8 0 8 9 4 1 10 7 1 7 8 3 6 9 4 10 1 7 10 7 2 3 6 9 1 3 6 0 0 8 8 2 0 8 5 9 4 7 3 0 1 0 9 10 0 6 1 2 1
3 4 0 10 0 4 6 3 5 7 1 3 1 6 10 2 6 4 8 10 8 10 9 5 4 1 6 10 2 1 10 3 0 5 4 7 6 6 7 0 6 9 7 8 5 0 5 6 8 4
8 3 10 8 1 0 9 0 2 1 4 2 7 4 2 0 3 7 10 2 4 2 5 10 3 8 3 9 2 2 1 10 1 3 0 9 7 7 1 3 0 3 0 10 6 3 6 2 1 9
9 8 3 1 4 0 4 1 10 5 6 1 2 7 6 9 7 0 10 5 8 6 6 10 5 5 8 2 7 10 2 5 7 3 4 10 4 2 3 0 6 0 2 0 3 4 0 7 9 8
8 0 2 4 2 6 9 0 1 6 8 0 9 8 8 3 9 7 10 10 5 0 1 8 10 4 5 10 2 7 3 7 4 5 6 0 2 10 9 5 6 6 1 5 1 7 7 8 3 7
9 4 3 2 5 8 2 8 9 8 5 3 2 0 6 6 0 3 1 1 7 3 5 4 7 3 5 7 2 1 8 4 0 2 1 10 9 5 2 0 6 4 4 1 10 10 1 6 6 0
0 248 991 899 320 469 526 699 415 797 219 666 380 147 350 726 332 226 747 531 551 261 798 763 645 144 697 450 19 106 662 750 257 358 670 452 850 729 303 638 941 770 171 957 421 215 2 487 719 360 425
248 0 30 355 623 975 801 656 668 930 134 416 686 742 390 212 608 582 394 146 506 211 943 856 996 616 774 275 960 477 133 107 195 116 181 349 499 981 92 550 451 491 98 323 846 343 395 646 657 121 605
991 30 0 602 860 403 61 198 973 63 821 558 407 338 573 565 835 760 779 998 617 292 315 791 106 328 463 478 298 157 259 893 869 216 726 947 185 854 918 716 276 165 714 781 508 291 951 323 267 350 526
899 355 602 0 665 49 360 881 955 825 446 75 327 300 520 501 705 137 7 978 208 737 896 774 11 268 275 947 538 226 171 962 876 675 163 42 821 481 460 12 347 614 861 211 771 762 511 759 986 950 753
320 623 860 665 0 254 284 564 591 180 312 942 852 127 625 573 404 788 370 637 314 107 504 499 689 455 291 87 893 635 382 615 467 272 86 606 233 297 293 954 952 57 569 332 123 190 273 533 132 155 29
469 975 403 49 254 0 988 919 628 616 331 867 478 436 663 717 456 466 191 220 548 275 383 487 390 468 385 122 502 788 431 547 74 882 65 440 832 628 432 206 536 554 248 852 475 553 522 590 11 389 135
526 801 61 360 284 988 0 157 375 198 540 19 511 378 471 118 803 208 962 264 755 293 604 916 260 225 138 382 59 501 480 911 108 923 667 898 23 282 811 533 689 468 725 826 758 380 606 694 621 145 888
699 656 198 881 564 919 157 0 531 688 121 577 536 243 595 674 462 638 514 575 934 519 984 292 763 401 127 338 341 139 412 988 461 199 128 494 909 737 347 581 733 969 29 258 143 884 792 760 734 345 761
415 668 973 955 591 628 375 531 0 3 270 674 597 402 894 339 370 424 641 141 316 196 567 213 718 325 311 306 542 98 809 727 278 935 484 404 802 662 312 23 426 312 562 331 426 742 309 926 838 939 730
797 930 63 825 180 616 198 688 3 0 997 325 872 501 971 274 246 326 614 862 807 162 658 627 600 357 991 98 415 846 558 579 70 988 366 220 900 995 459 930 699 912 997 367 209 1 58 261 830 257 375
219 134 821 446 312 331 540 121 270 997 0 401 888 43 921 955 171 684 563 827 755 340 1000 534 767 960 517 835 339 694 261 696 347 52 883 449 967 608 684 548 632 793 196 764 542 716 227 657 191 468 435
666 416 558 75 942 867 19 577 674 325 401 0 802 312 897 381 416 157 799 236 856 8 388 996 512 527 313 470 133 754 126 797 490 328 497 671 918 826 309 485 762 459 797 778 167 391 772 338 278 732 464
380 686 407 327 852 478 511 536 597 872 888 802 0 490 393 753 981 545 774 986 993 866 497 164 822 199 577 431 829 935 494 519 936 196 18 31 478 76 395 919 245 837 457 316 805 166 756 466 850 625 181
147 742 338 300 127 436 378 243 402 501 43 312 490 0 476 650 657 299 119 332 169 813 808 110 450 467 603 463 538 266 636 996 592 542 403 484 406 36 960 554 686 211 712 554 175 388 601 582 980 407 777
350 390 573 520 625 663 471 595 894 971 921 897 393 476 0 569 22 180 694 754 677 381 191 820 614 32 429 290 528 940 2 42 684 697 672 839 55 714 961 983 178 691 5 541 178 993 954 543 285 974 743
726 212 565 501 573 717 118 674 339 274 955 381 753 650 569 0 690 58 148 823 831 389 36 949 719 150 858 506 279 181 742 750 427 189 62 565 767 839 716 189 646 655 982 882 794 444 577 283 282 650 90
332 608 835 705 404 456 803 462 370 246 171 416 981 657 22 690 0 982 260 473 757 473 487 79 150 217 677 10 272 222 696 300 457 488 352 237 902 590 769 416 122 994 666 258 262 48 516 174 132 184 385
226 582 760 137 788 466 208 638 424 326 684 157 545 299 180 58 982 0 951 23 990 558 583 434 500 153 954 285 629 338 873 902 419 538 716 562 102 72 557 439 672 306 833 751 798 346 618 309 417 168 167
747 394 779 7 370 191 962 514 641 614 563 799 774 119 694 148 260 951 0 110 901 275 386 114 909 626 782 231 851 621 559 967 504 855 2 370 296 766 319 383 115 745 957 985 371 255 724 244 64 518 715
531 146 998 978 637 220 264 575 141 862 827 236 986 332 754 823 473 23 110 0 244 366 403 800 269 137 944 844 958 530 376 299 94 873 321 24 694 676 800 238 570 918 660 764 526 244 244 460 172 738 723
551 506 617 208 314 548 755 934 316 807 755 856 993 169 677 831 757 990 901 244 0 438 242 185 824 314 695 401 100 339 285 414 815 112 880 845 188 541 491 493 207 846 255 795 801 208 948 862 236 322 600
261 211 292 737 107 275 293 519 196 162 340 8 866 813 381 389 473 558 275 366 438 0 426 17 115 248 788 749 984 947 63 719 116 961 557 435 870 738 859 553 540 746 963 795 451 225 912 930 339 307 308
798 943 315 896 504 383 604 984 567 658 1000 388 497 808 191 36 487 583 386 403 242 426 0 302 434 167 523 405 220 513 599 695 615 710 52 580 213 772 306 30 506 802 869 653 981 71 969 525 154 901 356
763 856 791 774 499 487 916 292 213 627 534 996 164 110 820 949 79 434 114 800 185 17 302 0 66 133 73 300 490 851 580 923 168 127 326 315 402 740 871 407 381 400 199 610 447 555 199 893 676 964 92
645 996 106 11 689 390 260 763 718 600 767 512 822 450 614 719 150 500 909 269 824 115 434 66 0 124 404 607 977 237 358 262 629 490 581 64 42 640 223 908 821 936 23 781 933 953 806 486 667 747 622
144 616 328 268 455 468 225 401 325 357 960 527 199 467 32 150 217 153 626 137 314 248 167 133 124 0 218 756 196 240 810 903 128 336 549 761 417 255 317 146 269 427 533 149 617 548 245 757 331 295 166
697 774 463 275 291 385 138 127 311 991 517 313 577 603 429 858 677 954 782 944 695 788 523 73 404 218 0 777 965 918 340 604 317 851 964 696 575 174 376 567 788 649 34 57 428 43 770 470 813 271 282
450 275 478 947 87 122 382 338 306 98 835 470 431 463 290 506 10 285 231 844 401 749 405 300 607 756 777 0 840 228 367 406 115 671 141 337 113 380 870 249 95 1 334 166 402 518 180 623 573 736 769
19 960 298 538 893 502 59 341 542 415 339 133 829 538 528 279 272 629 851 958 100 984 220 490 977 196 965 840 0 621 901 895 877 346 712 629 320 557 135 961 510 634 248 556 933 328 444 384 691 229 882
106 477 157 226 635 788 501 139 98 846 694 754 935 266 940 181 222 338 621 530 339 947 513 851 237 240 918 228 621 0 234 712 555 744 302 342 513 608 372 611 965 289 130 364 641 262 620 356 296 991 693
662 133 259 171 382 431 480 412 809 558 261 126 494 636 2 742 696 873 559 376 285 63 599 580 358 810 340 367 901 234 0 15 749 78 346 224 827 903 229 526 610 479 997 162 664 110 704 896 306 739 364
750 107 893 962 615 547 911 988 727 579 696 797 519 996 42 750 300 902 967 299 414 719 695 923 262 903 604 406 895 712 15 0 881 408 757 172 187 250 918 412 839 502 467 475 393 245 341 390 355 150 582
257 195 869 876 467 74 108 461 278 70 347 490 936 592 684 427 457 419 504 94 815 116 615 168 629 128 317 115 877 555 749 881 0 242 628 981 7 280 88 690 598 370 256 927 305 536 672 880 766 405 885
358 116 216 675 272 882 923 199 935 988 52 328 196 542 697 189 488 538 855 873 112 961 710 127 490 336 851 671 346 744 78 408 242 0 384 909 895 904 998 772 679 638 999 563 406 317 749 693 762 204 514
670 181 726 163 86 65 667 128 484 366 883 497 18 403 672 62 352 716 2 321 880 557 52 326 581 549 964 141 712 302 346 757 628 384 0 154 866 155 863 145 8 549 845 238 992 782 74 812 38 851 917
452 349 947 42 606 440 898 494 404 220 449 671 31 484 839 565 237 562 370 24 845 435 580 315 64 761 696 337 629 342 224 172 981 909 154 0 674 275 273 52 64 36 245 40 135 413 258 705 403 920 521
850 499 185 821 233 832 23 909 802 900 967 918 478 406 55 767 902 102 296 694 188 870 213 402 42 417 575 113 320 513 827 187 7 895 866 674 0 688 28 990 616 178 279 973 306 614 117 871 306 203 681
729 981 854 481 297 628 282 737 662 995 608 826 76 36 714 839 590 72 766 676 541 738 772 740 640 255 174 380 557 608 903 250 280 904 155 275 688 0 152 736 401 170 450 645 8 25 779 463 849 547 161
303 92 918 460 293 432 811 347 312 459 684 309 395 960 961 716 769 557 319 800 491 859 306 871 223 317 376 870 135 372 229 918 88 998 863 273 28 152 0 289 187 721 96 13 937 632 510 118 473 215 63
638 550 716 12 954 206 533 581 23 930 548 485 919 554 983 189 416 439 383 238 493 553 30 407 908 146 567 249 961 611 526 412 690 772 145 52 990 736 289 0 710 270 562 763 908 400 107 666 778 646 312
941 451 276 347 952 536 689 733 426 699 632 762 245 686 178 646 122 672 115 570 207 540 506 381 821 269 788 95 510 965 610 839 598 679 8 64 616 401 187 710 0 791 169 5 800 788 503 16 126 193 923
770 491 165 614 57 554 468 969 312 912 793 459 837 211 691 655 994 306 745 918 846 746 802 400 936 427 649 1 634 289 479 502 370 638 549 36 178 170 721 270 791 0 769 465 884 873 871 354 253 854 793
171 98 714 861 569 248 725 29 562 997 196 797 457 712 5 982 666 833 957 660 255 963 869 199 23 533 34 334 248 130 997 467 256 999 845 245 279 450 96 562 169 769 0 426 648 708 885 242 571 445 788
957 323 781 211 332 852 826 258 331 367 764 778 316 554 541 882 258 751 985 764 795 795 653 610 781 149 57 166 556 364 162 475 927 563 238 40 973 645 13 763 5 465 426 0 703 705 244 679 228 600 613
421 846 508 771 123 475 758 143 426 209 542 167 805 175 178 794 262 798 371 526 801 451 981 447 933 617 428 402 933 641 664 393 305 406 992 135 306 8 937 908 800 884 648 703 0 991 19 716 789 219 926
215 343 291 762 190 553 380 884 742 1 716 391 166 388 993 444 48 346 255 244 208 225 71 555 953 548 43 518 328 262 110 245 536 317 782 413 614 25 632 400 788 873 708 705 991 0 387 549 380 480 27
2 395 951 511 273 522 606 792 309 58 227 772 756 601 954 577 516 618 724 244 948 912 969 199 806 245 770 180 444 620 704 341 672 749 74 258 117 779 510 107 503 871 885 244 19 387 0 943 564 689 628
487 646 323 759 533 590 694 760 926 261 657 338 466 582 543 283 174 309 244 460 862 930 525 893 486 757 470 623 384 356 896 390 880 693 812 705 871 463 118 666 16 354 242 679 716 549 943 0 78 299 29
719 657 267 986 132 11 621 734 838 830 191 278 850 980 285 282 132 417 64 172 236 339 154 676 667 331 813 573 691 296 306 355 766 762 38 403 306 849 473 778 126 253 571 228 789 380 564 78 0 930 124
360 121 350 950 155 389 145 345 939 257 468 732 625 407 974 650 184 168 518 738 322 307 901 964 747 295 271 736 229 991 739 150 405 204 851 920 203 547 215 646 193 854 445 600 219 480 689 299 930 0 359
425 605 526 753 29 135 888 761 730 375 435 464 181 777 743 90 385 167 715 723 600 308 356 92 622 166 282 769 882 693 364 582 885 514 917 521 681 161 63 312 923 793 788 613 926 27 628 29 124 359 0
210 0 144 133 150 72 248 58 133 155 100 168 145 80 152 174 215 127 49 192 147 181 154 32 116 198 222 68 47 115 180 124 194 251 26 175 130 79 238 127
0 46 44 37 13 10 33 1 49 31 30 14 25 24 3 39 22 15 17 19 35 12 34 18 48 5 32 36 38 43 40 47 50 4 41 27 16 45 9 8 29 7 42 26 23 21 11 6 28 0
1856